\begin{table}
\resizebox{\textwidth}{!}{
\begin{tabular}{lrrrrrrrr}
\toprule
{} &  Target Latitude &  Target Longitude &  Altitude (Hundreds of Feet) &  Airborne Aircraft &  Attacking Aircraft &  Bombing Aircraft &  High Explosives Weight (Tons) &  Total Weight (Tons) \\
\midrule
Target Latitude               &         1.000000 &         -0.785643 &                     0.237544 &           0.014736 &            0.213572 &          0.014156 &                       0.104024 &             0.121166 \\
Target Longitude              &        -0.785643 &          1.000000 &                    -0.211593 &          -0.023147 &           -0.208003 &         -0.021694 &                      -0.080637 &            -0.090248 \\
Altitude (Hundreds of Feet)   &         0.237544 &         -0.211593 &                     1.000000 &           0.065769 &            0.127947 &          0.065947 &                       0.046894 &             0.056120 \\
Airborne Aircraft             &         0.014736 &         -0.023147 &                     0.065769 &           1.000000 &            0.882858 &          0.992360 &                       0.187862 &             0.218169 \\
Attacking Aircraft            &         0.213572 &         -0.208003 &                     0.127947 &           0.882858 &            1.000000 &          0.881352 &                       0.206634 &             0.265230 \\
Bombing Aircraft              &         0.014156 &         -0.021694 &                     0.065947 &           0.992360 &            0.881352 &          1.000000 &                       0.185356 &             0.215927 \\
High Explosives Weight (Tons) &         0.104024 &         -0.080637 &                     0.046894 &           0.187862 &            0.206634 &          0.185356 &                       1.000000 &             0.940600 \\
Total Weight (Tons)           &         0.121166 &         -0.090248 &                     0.056120 &           0.218169 &            0.265230 &          0.215927 &                       0.940600 &             1.000000 \\
\bottomrule
\end{tabular}
}
\end{table}
